0.0  5.724272665123874e-26
0.2506265664160401  0.5550855974854645
0.5012531328320802  1.627128813776897
0.7518796992481203  2.578690961717961
1.0025062656641603  3.4307416151142482
1.2531328320802004  4.203952269621848
1.5037593984962405  4.859296533557307
1.7543859649122806  5.382785409308656
2.0050125313283207  5.8448815859637175
2.255639097744361  6.4232012864075205
2.506265664160401  6.967334933822822
2.756892230576441  7.320083391468631
3.007518796992481  7.661159356967608
3.2581453634085213  8.024053496993865
3.508771929824561  8.380806465347632
3.7593984962406015  8.726020094433395
4.010025062656641  9.063677017745492
4.260651629072682  9.372400040463013
4.511278195488722  9.638731951668627
4.761904761904762  9.79393098984189
5.012531328320802  9.789696402911277
5.2631578947368425  9.771585065498941
5.513784461152882  9.673132862317821
5.764411027568922  9.487528947577427
6.015037593984962  9.262150882314927
6.265664160401003  9.050851303526215
6.516290726817043  8.982656395036402
6.7669172932330826  8.93504893927005
7.017543859649122  8.863418014559407
7.268170426065163  8.919059755763957
7.518796992481203  9.149543922438099
7.769423558897243  9.391667082126352
8.020050125313283  9.525466189085295
8.270676691729323  9.575349755766599
8.521303258145364  9.624954786311594
8.771929824561404  9.619060757270866
9.022556390977444  9.48436929888768
9.273182957393484  9.312278730000008
9.523809523809524  9.13171146866985
9.774436090225564  8.941641231508955
10.025062656641603  8.702679034593183
10.275689223057643  8.542044723448827
10.526315789473685  8.562296986061053
10.776942355889725  8.592191396404306
11.027568922305765  8.531808868073046
11.278195488721805  8.433811077773175
11.528822055137844  8.417041258829041
11.779448621553884  8.434349527100094
12.030075187969924  8.29952555042064
12.280701754385966  8.036089389376885
12.531328320802006  7.760979347531652
12.781954887218046  7.430075056132846
13.032581453634085  6.985741880971451
13.283208020050125  6.503891322616532
13.533834586466165  6.286742076487354
13.784461152882205  6.480152733128181
14.035087719298245  6.818796090416342
14.285714285714286  7.054571419955604
14.536340852130326  7.244625889030443
14.786967418546366  7.5337231556233055
15.037593984962406  7.786147702890087
15.288220551378446  7.909879353337714
15.538847117794486  7.979854675308863
15.789473684210526  8.032522367923018
16.040100250626566  8.009621487260315
16.290726817042607  7.8744338847589495
16.541353383458645  7.759020991835582
16.791979949874687  7.737450158097581
17.04260651629073  7.7590377305261455
17.293233082706767  7.876479356065162
17.54385964912281  8.160330255721997
17.794486215538846  8.418895668567918
18.045112781954888  8.647289440248139
18.295739348370926  8.828431737118997
18.546365914786968  8.866506495080783
18.796992481203006  8.868933371470291
19.047619047619047  8.70766321957215
19.29824561403509  8.452218150281611
19.548872180451127  8.302295383803239
19.79949874686717  8.246581197922144
20.050125313283207  8.250385070791985
20.30075187969925  8.278714148831655
20.551378446115287  8.292287115069032
20.80200501253133  8.355859173870178
21.05263157894737  8.602046439147609
21.303258145363408  8.840056039925523
21.55388471177945  8.937329159892798
21.804511278195488  8.976465638322402
22.05513784461153  8.976902103791854
22.305764411027567  8.96768181477699
22.55639097744361  8.891602686105697
22.80701754385965  8.738572692743148
23.05764411027569  8.65258861850771
23.30827067669173  8.540608822705549
23.55889724310777  8.334896821451073
23.80952380952381  8.320274816620678
24.06015037593985  8.51470175333805
24.31077694235589  8.743614066477848
24.56140350877193  8.919557587559293
24.81203007518797  8.981688638540765
25.06265664160401  9.055869943670773
25.31328320802005  9.14105359595155
25.56390977443609  9.063445130779549
25.81453634085213  8.96657138858641
26.06516290726817  8.962776601367732
26.31578947368421  8.940267941952708
26.56641604010025  8.90952014283475
26.817042606516292  8.899144785297173
27.06766917293233  9.019939738646638
27.318295739348372  9.270226747534515
27.56892230576441  9.5147804272399
27.81954887218045  9.65915724371621
28.07017543859649  9.746219634755871
28.32080200501253  9.899133053722174
28.571428571428573  10.041721411586213
28.82205513784461  10.149528186102664
29.072681704260653  10.178682137823117
29.32330827067669  10.121466141113723
29.573934837092732  9.991909022253616
29.82456140350877  9.792771750656673
30.075187969924812  9.631682537736635
30.325814536340854  9.475594856996068
30.576441102756892  9.309375092326253
30.827067669172934  9.234548866146453
31.07769423558897  9.323247880256641
31.328320802005013  9.473224559500945
31.57894736842105  9.578115785951999
31.829573934837093  9.604276986955325
32.08020050125313  9.544158571843726
32.330827067669176  9.397882130390297
32.581453634085214  9.204113057743472
32.83208020050125  9.024813088777394
33.08270676691729  8.819991320728182
33.333333333333336  8.684858298633396
33.583959899749374  8.560397957544495
33.83458646616541  8.340770956150914
34.08521303258146  8.161460086428551
34.335839598997495  8.126198581191518
34.58646616541353  8.278423886242042
34.83709273182957  8.45670424437341
35.08771929824562  8.532007395334604
35.338345864661655  8.616864011112229
35.58897243107769  8.71798084544044
35.83959899749373  8.768472465991932
36.090225563909776  8.795630878618098
36.340852130325814  8.76821425625007
36.59147869674185  8.699102305494545
36.8421052631579  8.638331274898418
37.092731829573935  8.657337738889646
37.34335839598997  8.880703954919836
37.59398496240601  9.264696919932256
37.84461152882206  9.657645021225536
38.095238095238095  9.99680904804046
38.34586466165413  10.280451520541849
38.59649122807018  10.449799326124085
38.847117794486216  10.541733194180278
39.097744360902254  10.565726290297885
39.34837092731829  10.513667556321826
39.59899749373434  10.458587021824014
39.849624060150376  10.35942589426663
40.100250626566414  10.200060539626511
40.35087719298246  10.074117866043368
40.6015037593985  10.017587516301377
40.852130325814535  10.0291386912057
41.10275689223057  10.195755484887023
41.35338345864662  10.386430008359623
41.60401002506266  10.575096367405065
41.854636591478695  10.793817142017168
42.10526315789474  10.899677244328615
42.35588972431078  10.974101149937539
42.606516290726816  10.936191972675285
42.857142857142854  10.802507738223156
43.1077694235589  10.706599105443134
43.35839598997494  10.582271661403299
43.609022556390975  10.44623203779585
43.85964912280702  10.349914692154202
44.11027568922306  10.271521195749944
44.3609022556391  10.17238444870035
44.611528822055135  10.102758860709567
44.86215538847118  9.995600895156901
45.11278195488722  9.783445782715958
45.363408521303256  9.465802682464078
45.6140350877193  9.038728536712242
45.86466165413534  8.644240537561222
46.11528822055138  8.390448126417791
46.365914786967416  8.206541214113555
46.61654135338346  8.015504645848495
46.8671679197995  7.765844518108531
47.11779448621554  7.383329399435112
47.36842105263158  6.928136139790552
47.61904761904762  6.511421445217645
47.86967418546366  6.386447556320619
48.1203007518797  6.7263223272179715
48.37092731829574  7.1935277481116096
48.62155388471178  7.494735417306513
48.87218045112782  7.745438299072323
49.12280701754386  8.066756256463396
49.3734335839599  8.465963439926773
49.62406015037594  8.837313694734952
49.87468671679198  9.093945974451193
50.12531328320802  9.327531149411495
50.37593984962406  9.516626433024454
50.6265664160401  9.667921472661549
50.87719298245614  9.834341563950067
51.12781954887218  10.073911801619035
51.37844611528822  10.376789124823539
51.62907268170426  10.603018957619168
51.8796992481203  10.817948425051448
52.13032581453634  11.035218973239896
52.38095238095238  11.2054263723594
52.63157894736842  11.270667062624971
52.88220551378446  11.190589234865175
53.1328320802005  11.019089239681684
53.38345864661654  10.778550054133765
53.634085213032584  10.466885845233252
53.88471177944862  10.107895878023362
54.13533834586466  9.822734033078925
54.3859649122807  9.623782738321143
54.636591478696744  9.456943660414627
54.88721804511278  9.281386369742886
55.13784461152882  9.149554045526191
55.388471177944865  9.077356020155534
55.6390977443609  8.945597913276083
55.88972431077694  8.704556386106004
56.14035087719298  8.440248095564266
56.390977443609025  8.307178209080764
56.64160401002506  8.236995887178626
56.8922305764411  8.186998080448467
57.142857142857146  8.132750432660083
57.393483709273184  8.099245123348041
57.64411027568922  8.154207379066404
57.89473684210526  8.106650386904835
58.145363408521305  8.049300541023646
58.39598997493734  8.155100706487362
58.64661654135338  8.225233138896684
58.89724310776943  8.172864249590361
59.147869674185465  8.09622233101904
59.3984962406015  8.043780171392175
59.64912280701754  8.013267712506329
59.899749373433586  7.853028134657251
60.150375939849624  7.555971538921969
60.40100250626566  7.317667241607429
60.65162907268171  7.138264775789175
60.902255639097746  6.946367559279053
61.152882205513784  6.796286899783491
61.40350877192982  6.811454548994313
61.65413533834587  6.988997244023632
61.904761904761905  7.148361369745688
62.15538847117794  7.184544812628973
62.40601503759399  7.30854118071034
62.65664160401003  7.642554566045185
62.907268170426065  8.053191559155836
63.1578947368421  8.458878074436214
63.40852130325815  8.834714537878567
63.659147869674186  9.20719636857393
63.909774436090224  9.589092641545545
64.16040100250626  9.934533790823915
64.41102756892231  10.177925299159334
64.66165413533835  10.405900109751366
64.91228070175438  10.572458346627116
65.16290726817043  10.654064272043266
65.41353383458646  10.74942224767306
65.6641604010025  10.776427798272525
65.91478696741855  10.827832690626519
66.16541353383458  10.82285464196087
66.41604010025063  10.687659551263916
66.66666666666667  10.526737663711009
66.9172932330827  10.281989741784665
67.16791979949875  10.000950524997727
67.41854636591479  9.78402749834524
67.66917293233082  9.668416385316425
67.91979949874687  9.572984788505218
68.17042606516291  9.420842926002415
68.42105263157895  9.29466327471285
68.67167919799499  9.361844887285745
68.92230576441102  9.533102699923274
69.17293233082707  9.552777780733988
69.42355889724311  9.425692413751658
69.67418546365914  9.332865034959772
69.92481203007519  9.354864646463028
70.17543859649123  9.385710489231066
70.42606516290726  9.361110806337924
70.67669172932331  9.281290653180498
70.92731829573935  9.167030625013153
71.17794486215539  8.998574935150994
71.42857142857143  8.784685673681091
71.67919799498746  8.668349580942078
71.9298245614035  8.695391836288126
72.18045112781955  8.757891335406377
72.43107769423558  8.72876774273296
72.68170426065163  8.592035977858636
72.93233082706767  8.472396949330133
73.1829573934837  8.339223227268269
73.43358395989975  8.008428024604122
73.6842105263158  7.602514629604672
73.93483709273183  7.359027365755382
74.18546365914787  7.336278798886833
74.43609022556392  7.3793227026683565
74.68671679197995  7.452909222113929
74.93734335839599  7.670377984229566
75.18796992481202  7.8518046280641265
75.43859649122807  7.883425813446715
75.68922305764411  7.802021508010271
75.93984962406014  7.783257724113896
76.19047619047619  7.975979403018425
76.44110275689223  8.193552827175303
76.69172932330827  8.29813110660438
76.94235588972431  8.392109345916147
77.19298245614036  8.472723814022803
77.44360902255639  8.452094902683978
77.69423558897243  8.442460059629381
77.94486215538848  8.452666108463044
78.19548872180451  8.458784399763633
78.44611528822055  8.47174213789816
78.69674185463658  8.510955284900719
78.94736842105263  8.5910413887801
79.19799498746868  8.601084958291452
79.4486215538847  8.473926196199963
79.69924812030075  8.22384979121721
79.9498746867168  8.015338034938672
80.20050125313283  7.882131210063767
80.45112781954887  7.780397310337197
80.70175438596492  7.628864659226865
80.95238095238095  7.407056678466408
81.203007518797  7.326474808110009
81.45363408521304  7.25560870607065
81.70426065162907  7.054177913761903
81.95488721804512  6.934334195876265
82.20551378446115  6.988787330234692
82.45614035087719  7.067477462092593
82.70676691729324  6.96902872295516
82.95739348370927  6.767785638566866
83.20802005012531  6.8330542712861115
83.45864661654136  7.149281183807825
83.70927318295739  7.3782945555623085
83.95989974937343  7.521401506132355
84.21052631578948  7.709506699442422
84.46115288220551  7.8902361706371185
84.71177944862156  7.962812732333903
84.9624060150376  8.042300468414815
85.21303258145363  8.309161393167791
85.46365914786968  8.669614981630286
85.71428571428571  8.92267187860653
85.96491228070175  9.115686354721479
86.2155388471178  9.322039107581407
86.46616541353383  9.489563438258582
86.71679197994987  9.562384605741604
86.96741854636592  9.51606111855027
87.21804511278195  9.483235210033698
87.468671679198  9.545210276450588
87.71929824561404  9.67058230592367
87.96992481203007  9.762297690137384
88.22055137844612  9.873028345655616
88.47117794486215  10.04089075576339
88.7218045112782  10.16611025079031
88.97243107769424  10.252421809909118
89.22305764411027  10.254965795039624
89.47368421052632  10.299638443370268
89.72431077694236  10.33924699717363
89.97493734335839  10.235831283992534
90.22556390977444  10.075386358543959
90.47619047619048  9.858704296673617
90.72681704260651  9.616125678329055
90.97744360902256  9.313269785944868
91.2280701754386  8.984209648470088
91.47869674185463  8.767018455577436
91.72932330827068  8.596972386129373
91.97994987468671  8.365160415527749
92.23057644110276  8.202354711117502
92.4812030075188  8.124441050624066
92.73182957393483  7.956980320713023
92.98245614035088  7.658713498337154
93.23308270676692  7.347844436079698
93.48370927318295  7.245217518132178
93.734335839599  7.311782943045444
93.98496240601504  7.393465207009465
94.23558897243107  7.46323771143804
94.48621553884712  7.518499219736523
94.73684210526316  7.525753966324155
94.9874686716792  7.387161411216958
95.23809523809524  7.1485454884406625
95.48872180451127  7.051819596397464
95.73934837092732  7.210849940807923
95.98997493734336  7.4175281204347145
96.2406015037594  7.425919252681114
96.49122807017544  7.277785669469512
96.74185463659148  7.203532337299577
96.99248120300751  7.267822256384008
97.24310776942356  7.379467140028568
97.4937343358396  7.49259834200036
97.74436090225564  7.715911197848992
97.99498746867168  7.99175516001788
98.24561403508773  8.182044095747571
98.49624060150376  8.415708450240597
98.7468671679198  8.649326262485637
98.99749373433583  8.817341529582917
99.24812030075188  8.938801297652862
99.49874686716792  9.058736469949276
99.74937343358395  9.321256398155576
100.0  9.659869208649901
