0.0  1.4501856935247953e-28
0.2506265664160401  1.2561564365195466
0.5012531328320802  4.449174243894672
0.7518796992481203  8.517584606483062
1.0025062656641603  12.78827429218649
1.2531328320802004  17.06415313251857
1.5037593984962405  21.329558117336703
1.7543859649122806  25.620623276223654
2.0050125313283207  29.93701639241846
2.255639097744361  34.16171814023391
2.506265664160401  37.45928097742504
2.756892230576441  36.62511025142353
3.007518796992481  32.95646513586909
3.2581453634085213  28.830365142659378
3.508771929824561  24.57520784748162
3.7593984962406015  20.314871237480325
4.010025062656641  16.051393675884192
4.260651629072682  11.77910814397931
4.511278195488722  7.605258154016107
4.761904761904762  3.939703520691435
5.012531328320802  1.6061913153035026
5.2631578947368425  1.3603989001280896
5.513784461152882  3.176724257508593
5.764411027568922  6.332263747572369
6.015037593984962  10.10860020489675
6.265664160401003  14.132321522919217
6.516290726817043  18.26555483528231
6.7669172932330826  22.471991197397593
7.017543859649122  26.72454791510038
7.268170426065163  30.90874415461738
7.518796992481203  34.38405489782142
7.769423558897243  35.18265314688533
8.020050125313283  33.028165784958645
8.270676691729323  30.06389464638315
8.521303258145364  26.497561103135535
8.771929824561404  22.67634957143903
9.022556390977444  18.698763599943014
9.273182957393484  14.62188773215474
9.523809523809524  10.567710230840222
9.774436090225564  6.877865260858188
10.025062656641603  4.222178913186921
10.275689223057643  3.271160010542843
10.526315789473685  4.140531827555837
10.776942355889725  6.347297086580123
11.027568922305765  9.324796239129828
11.278195488721805  12.733590436961771
11.528822055137844  16.40960429255702
11.779448621553884  20.2688220848188
12.030075187969924  24.25703026470534
12.280701754385966  28.221981680420477
12.531328320802006  31.609584347760844
12.781954887218046  32.94808913732194
13.032581453634085  31.670319960472707
13.283208020050125  29.513936891257366
13.533834586466165  26.698219850966897
13.784461152882205  23.509028630914525
14.035087719298245  19.998030207367968
14.285714285714286  16.312282100391577
14.536340852130326  12.571845778514476
14.786967418546366  9.084519407557778
15.037593984962406  6.434890883717335
15.288220551378446  5.225245499591839
15.538847117794486  5.610461614063034
15.789473684210526  7.221540305730387
16.040100250626566  9.598591666331293
16.290726817042607  12.458806655006834
16.541353383458645  15.660726957235228
16.791979949874687  19.118078056670914
17.04260651629073  22.767944191081064
17.293233082706767  26.428264791504393
17.54385964912281  29.589186989994758
17.794486215538846  31.06973550840263
18.045112781954888  30.250316281623505
18.295739348370926  28.556544849249743
18.546365914786968  26.284685440196014
18.796992481203006  23.519327136581055
19.047619047619047  20.476142256689585
19.29824561403509  17.175314149875906
19.548872180451127  13.741541804714462
19.79949874686717  10.527301986579026
20.050125313283207  8.030870957352503
20.30075187969925  6.769598472962498
20.551378446115287  6.906140763698293
20.80200501253133  8.165895496458738
21.05263157894737  10.155082209167487
21.303258145363408  12.628869606467932
21.55388471177945  15.459175416992577
21.804511278195488  18.56093232830059
22.05513784461153  21.891580903306664
22.305764411027567  25.23502106510694
22.55639097744361  28.186386351017745
22.80701754385965  29.617263270209406
23.05764411027569  29.07373145727936
23.30827067669173  27.63969220510932
23.55889724310777  25.745148818439798
23.80952380952381  23.266625604074875
24.06015037593985  20.61690326485555
24.31077694235589  17.612345451566934
24.56140350877193  14.472340163428369
24.81203007518797  11.476435299654261
25.06265664160401  9.131869613805044
25.31328320802005  7.932262061824976
25.56390977443609  7.984617298445019
25.81453634085213  9.026144299089971
26.06516290726817  10.73309799071518
26.31578947368421  12.921848368841582
26.56641604010025  15.480111586593479
26.817042606516292  18.329664328585256
27.06766917293233  21.34967926037108
27.318295739348372  24.473541990166574
27.56892230576441  27.1718994410016
27.81954887218045  28.494202339550128
28.07017543859649  28.169274487096263
28.32080200501253  26.801938077040745
28.571428571428573  25.14084454143492
28.82205513784461  23.00127117089128
29.072681704260653  20.614655672811573
29.32330827067669  17.797121721669498
29.573934837092732  14.887317087761625
29.82456140350877  12.116858318004487
30.075187969924812  9.973452622647761
30.325814536340854  8.820789151701588
30.576441102756892  8.80311911365971
30.827067669172934  9.716578894044343
31.07769423558897  11.26503802037793
31.328320802005013  13.261092998459688
31.57894736842105  15.59441325917075
31.829573934837093  18.195728340143834
32.08020050125313  21.055551724361653
32.330827067669176  23.900522762903027
32.581453634085214  26.41685064505045
32.83208020050125  27.825150768171415
33.08270676691729  27.337915904039974
33.333333333333336  26.084402388347456
33.583959899749374  24.7404103399247
33.83458646616541  22.735900593099036
34.08521303258146  20.407918211858043
34.335839598997495  17.877541316446163
34.58646616541353  15.224066563126106
34.83709273182957  12.673350104409218
35.08771929824562  10.595292683051712
35.338345864661655  9.409162392510122
35.58897243107769  9.400603397121637
35.83959899749373  10.320474436117744
36.090225563909776  11.789789208733213
36.340852130325814  13.593857178461159
36.59147869674185  15.696954310466518
36.8421052631579  18.09311641880132
37.092731829573935  20.729706847475402
37.34335839598997  23.500514063215277
37.59398496240601  25.80255634034731
37.84461152882206  27.051093899608865
38.095238095238095  26.977377369585227
38.34586466165413  25.703045669374095
38.59649122807018  24.20239012138893
38.847117794486216  22.398467631082024
39.097744360902254  20.30538735674075
39.34837092731829  18.02707159608017
39.59899749373434  15.442233032999212
39.849624060150376  13.022217605897625
40.100250626566414  11.12138502195715
40.35087719298246  10.142976437305073
40.6015037593985  10.083077005821512
40.852130325814535  10.786819116482656
41.10275689223057  12.05884649029863
41.35338345864662  13.735388456903626
41.60401002506266  15.745819209333508
41.854636591478695  18.05565216706366
42.10526315789474  20.556443943563607
42.35588972431078  23.112020376374556
42.606516290726816  25.427828710867402
42.857142857142854  26.412576613596546
43.1077694235589  26.140990331244407
43.35839598997494  25.0956337185638
43.609022556390975  23.91203698158935
43.85964912280702  22.202821368774487
44.11027568922306  20.120634090234518
44.3609022556391  18.060555214952384
44.611528822055135  15.812319255240618
44.86215538847118  13.608180742362116
45.11278195488722  11.660467707686415
45.363408521303256  10.599234831175945
45.6140350877193  10.530217629415315
45.86466165413534  11.303500168277697
46.11528822055138  12.575558080181883
46.365914786967416  14.204842631540414
46.61654135338346  16.07419746911301
46.8671679197995  18.14188961839022
47.11779448621554  20.375757524658
47.36842105263158  22.583185432692304
47.61904761904762  24.61243846483754
47.86967418546366  25.870667517412432
48.1203007518797  25.58940864289229
48.37092731829574  24.511012571000826
48.62155388471178  23.399745697173167
48.87218045112782  21.95844600766531
49.12280701754386  19.91719623818648
49.3734335839599  17.785399658174242
49.62406015037594  15.578630304036546
49.87468671679198  13.632662835445723
50.12531328320802  12.203372129901386
50.37593984962406  11.458450038784433
50.6265664160401  11.392472302866269
50.87719298245614  11.98292329567044
51.12781954887218  13.033452484718524
51.37844611528822  14.4792573566131
51.62907268170426  16.259499952811698
51.8796992481203  18.336310658381237
52.13032581453634  20.647555751775812
52.38095238095238  22.818074406311872
52.63157894736842  24.411050975959867
52.88220551378446  25.379700412706825
53.1328320802005  25.015895987374943
53.38345864661654  23.8515048869009
53.634085213032584  22.639196485458815
53.88471177944862  21.32386244861572
54.13533834586466  19.675224412042322
54.3859649122807  17.799089056342407
54.636591478696744  15.58213145306818
54.88721804511278  13.491952606466109
55.13784461152882  12.006467936827995
55.388471177944865  11.340052298085164
55.6390977443609  11.597102406050833
55.88972431077694  12.477471536870832
56.14035087719298  13.748575798360916
56.390977443609025  15.164303756379855
56.64160401002506  16.70834659911506
56.8922305764411  18.493691094061866
57.142857142857146  20.59766179918987
57.393483709273184  22.88708966482369
57.64411027568922  24.57760364843301
57.89473684210526  25.25307318629181
58.145363408521305  25.06282554665535
58.39598997493734  23.86261536515567
58.64661654135338  22.42282867054647
58.89724310776943  20.847876234678093
59.147869674185465  19.075774847624814
59.3984962406015  17.327879227484292
59.64912280701754  15.517707538323512
59.899749373433586  13.681405370361727
60.150375939849624  12.221740382759977
60.40100250626566  11.382716472936867
60.65162907268171  11.512268102360789
60.902255639097746  12.362757737224237
61.152882205513784  13.718835591656301
61.40350877192982  15.304294838293009
61.65413533834587  17.088204681303665
61.904761904761905  18.887069218370137
62.15538847117794  20.774173734123043
62.40601503759399  22.803441312686097
62.65664160401003  24.35901727383169
62.907268170426065  25.06464882971856
63.1578947368421  24.74836150686117
63.40852130325815  23.87708430172366
63.659147869674186  22.719138316316723
63.909774436090224  21.07036344527247
64.16040100250626  19.011363883637966
64.41102756892231  17.05840111107678
64.66165413533835  15.2447418930034
64.91228070175438  13.51342022505341
65.16290726817043  12.299942243777725
65.41353383458646  11.688116544900772
65.6641604010025  11.842803037320225
65.91478696741855  12.509098863105539
66.16541353383458  13.61767583693385
66.41604010025063  15.139405785353304
66.66666666666667  17.014619198265287
66.9172932330827  19.029489727338888
67.16791979949875  20.95429260112339
67.41854636591479  22.878762256089402
67.66917293233082  24.50336534479517
67.91979949874687  24.953110264045083
68.17042606516291  24.41347730739997
68.42105263157895  23.4053368666062
68.67167919799499  22.311073512250392
68.92230576441102  21.11910612523412
69.17293233082707  19.3405289328286
69.42355889724311  17.25824066902851
69.67418546365914  15.203710791289826
69.92481203007519  13.430490537880535
70.17543859649123  12.238660328102466
70.42606516290726  11.725912707419546
70.67669172932331  12.033004609867975
70.92731829573935  12.869512589634837
71.17794486215539  13.921046412583202
71.42857142857143  15.222694648287565
71.67919799498746  16.84563152574783
71.9298245614035  18.799627632264624
72.18045112781955  20.91120939950471
72.43107769423558  22.872508727436973
72.68170426065163  24.61562147252871
72.93233082706767  25.260871606975396
73.1829573934837  24.400049754965707
73.43358395989975  23.181669856007353
73.6842105263158  21.986563132485493
73.93483709273183  20.81756106652618
74.18546365914787  19.202392615271748
74.43609022556392  17.332898261094734
74.68671679197995  15.416773156615509
74.93734335839599  13.468444245490103
75.18796992481202  12.065931184984445
75.43859649122807  11.589904525378667
75.68922305764411  11.982184724216198
75.93984962406014  12.97354769828292
76.19047619047619  14.090636022148578
76.44110275689223  15.396678427294054
76.69172932330827  16.94742953203122
76.94235588972431  18.798692238831013
77.19298245614036  20.715730244898324
77.44360902255639  22.722975663489013
77.69423558897243  24.35057964570805
77.94486215538848  25.30995535092162
78.19548872180451  24.88113370567572
78.44611528822055  23.40445283973354
78.69674185463658  21.997626410386708
78.94736842105263  20.785991436553232
79.19799498746868  19.25378087298839
79.4486215538847  17.440678367836284
79.69924812030075  15.642257404149426
79.9498746867168  13.74821537189458
80.20050125313283  12.222712829870554
80.45112781954887  11.459258473751913
80.70175438596492  11.604730450821076
80.95238095238095  12.651444564101453
81.203007518797  14.048705950882429
81.45363408521304  15.520283362500061
81.70426065162907  16.946096440446016
81.95488721804512  18.60413569907394
82.20551378446115  20.43114728857412
82.45614035087719  22.253234131232052
82.70676691729324  23.86865630114289
82.95739348370927  24.862768530141093
83.20802005012531  24.734632720572495
83.45864661654136  23.76972350290556
83.70927318295739  22.3765312678234
83.95989974937343  20.86179281297155
84.21052631578948  19.360435159564645
84.46115288220551  17.667845470294743
84.71177944862156  16.026840513813468
84.9624060150376  14.232544748142331
85.21303258145363  12.792743329409829
85.46365914786968  12.043371365255018
85.71428571428571  11.955835971338175
85.96491228070175  12.632534961103667
86.2155388471178  13.796295666716269
86.46616541353383  15.237015456551298
86.71679197994987  16.825688385828435
86.96741854636592  18.553044145236562
87.21804511278195  20.346081414578897
87.468671679198  21.864136578695952
87.71929824561404  23.32976196002605
87.96992481203007  24.22381987562086
88.22055137844612  24.234061558082338
88.47117794486215  23.369463713530138
88.7218045112782  22.1694684166335
88.97243107769424  20.87978800991334
89.22305764411027  19.28473631410724
89.47368421052632  17.70708836835333
89.72431077694236  16.32887311529637
89.97493734335839  14.870976707082736
90.22556390977444  13.449347127873118
90.47619047619048  12.608305609979377
90.72681704260651  12.459822916323613
90.97744360902256  12.999898327560832
91.2280701754386  13.991981412848366
91.47869674185463  15.269994930461419
91.72932330827068  16.832725807948897
91.97994987468671  18.510728397897697
92.23057644110276  20.31092435246987
92.4812030075188  21.732114326216845
92.73182957393483  22.720773183111113
92.98245614035088  23.51292893938692
93.23308270676692  23.569732753572243
93.48370927318295  22.798741209923076
93.734335839599  21.919455659741924
93.98496240601504  20.79992047430796
94.23558897243107  19.223856405824126
94.48621553884712  17.525235621441276
94.73684210526316  16.025859665629145
94.9874686716792  14.844956153695783
95.23809523809524  13.983257157904948
95.48872180451127  13.569018568806513
95.73934837092732  13.398250831903946
95.98997493734336  13.741324778791874
96.2406015037594  14.554761261364135
96.49122807017544  15.622914992882501
96.74185463659148  16.970254508571085
96.99248120300751  18.50895435734944
97.24310776942356  20.210313085385557
97.4937343358396  21.812550783086074
97.74436090225564  22.746617632797687
97.99498746867168  22.953123009073614
98.24561403508773  22.89069190149969
98.49624060150376  22.066239995878874
98.7468671679198  21.084825812111315
98.99749373433583  20.070148431900343
99.24812030075188  18.78962063374044
99.49874686716792  17.253529022083754
99.74937343358395  15.820573117234598
100.0  14.677718306103017
