0.0  2.0234798230405394e-27
0.2506265664160401  0.4534249556669971
0.5012531328320802  1.5227670859953917
0.7518796992481203  2.7421087635325376
1.0025062656641603  3.890064420840898
1.2531328320802004  4.927546340451162
1.5037593984962405  5.8610616427121265
1.7543859649122806  6.694438441073662
2.0050125313283207  7.419071311725148
2.255639097744361  8.03896090126366
2.506265664160401  8.666064628811839
2.756892230576441  9.38923232240947
3.007518796992481  10.119861359090592
3.2581453634085213  10.76868397330526
3.508771929824561  11.353954516850397
3.7593984962406015  11.909494103521723
4.010025062656641  12.444858043002082
4.260651629072682  12.953179341309529
4.511278195488722  13.439147325839377
4.761904761904762  13.907242004991673
5.012531328320802  14.366936256003164
5.2631578947368425  14.837267039013412
5.513784461152882  15.282652186303956
5.764411027568922  15.653138709558412
6.015037593984962  15.927870643407747
6.265664160401003  16.139833950545334
6.516290726817043  16.344459746032403
6.7669172932330826  16.558011939551708
7.017543859649122  16.81412535777474
7.268170426065163  17.119692572324972
7.518796992481203  17.413545052608793
7.769423558897243  17.6566426292775
8.020050125313283  17.85873641392844
8.270676691729323  18.023598305004473
8.521303258145364  18.13350188550086
8.771929824561404  18.20144920409047
9.022556390977444  18.25494449111134
9.273182957393484  18.297235798068012
9.523809523809524  18.358748771832104
9.774436090225564  18.442404705748064
10.025062656641603  18.4928871811386
10.275689223057643  18.490978025641343
10.526315789473685  18.42493057729503
10.776942355889725  18.28139843465884
11.027568922305765  18.068062529148367
11.278195488721805  17.827552284473423
11.528822055137844  17.631112994943948
11.779448621553884  17.507509825554695
12.030075187969924  17.448204167515193
12.280701754385966  17.422413373897772
12.531328320802006  17.402263362797555
12.781954887218046  17.38237659514809
13.032581453634085  17.362243229863477
13.283208020050125  17.351424249135626
13.533834586466165  17.364386329519107
13.784461152882205  17.43208960924831
14.035087719298245  17.57337906246343
14.285714285714286  17.74021373315692
14.536340852130326  17.900778824047627
14.786967418546366  18.05883013281937
15.037593984962406  18.196541550378242
15.288220551378446  18.31698783998413
15.538847117794486  18.42995581484516
15.789473684210526  18.55348603698809
16.040100250626566  18.675888515875805
16.290726817042607  18.75180967396901
16.541353383458645  18.76927007507593
16.791979949874687  18.715826482990668
17.04260651629073  18.627210626461103
17.293233082706767  18.546395204022673
17.54385964912281  18.45448910958981
17.794486215538846  18.34294977315132
18.045112781954888  18.22540620937629
18.295739348370926  18.11005401102775
18.546365914786968  17.9772463556205
18.796992481203006  17.793492185259858
19.047619047619047  17.54433489175006
19.29824561403509  17.25027157609434
19.548872180451127  16.95224875313447
19.79949874686717  16.66400895518865
20.050125313283207  16.39530502736924
20.30075187969925  16.173768336127537
20.551378446115287  15.99277820632856
20.80200501253133  15.836310466049866
21.05263157894737  15.662258510282966
21.303258145363408  15.414860132219411
21.55388471177945  15.124613018146368
21.804511278195488  14.838479616187445
22.05513784461153  14.56830249523351
22.305764411027567  14.330444844203718
22.55639097744361  14.174927484460113
22.80701754385965  14.115315085664063
23.05764411027569  14.088103152933245
23.30827067669173  14.09887233067894
23.55889724310777  14.187305911049465
23.80952380952381  14.329442667390108
24.06015037593985  14.522775900443643
24.31077694235589  14.763041802649273
24.56140350877193  14.96940211048785
24.81203007518797  15.085689905315135
25.06265664160401  15.169187527383205
25.31328320802005  15.30710273444033
25.56390977443609  15.522797815103049
25.81453634085213  15.802305995864526
26.06516290726817  16.10695185085924
26.31578947368421  16.39598165043329
26.56641604010025  16.67073431505659
26.817042606516292  16.922651695343383
27.06766917293233  17.146339729158377
27.318295739348372  17.346632396848868
27.56892230576441  17.52194981662187
27.81954887218045  17.676835814449383
28.07017543859649  17.790091330280003
28.32080200501253  17.839791667288843
28.571428571428573  17.834980132898202
28.82205513784461  17.82491176220903
29.072681704260653  17.841400884640738
29.32330827067669  17.83644413365101
29.573934837092732  17.77003308566761
29.82456140350877  17.64127878653195
30.075187969924812  17.44391258452853
30.325814536340854  17.205507426488417
30.576441102756892  16.95853343474822
30.827067669172934  16.72774350253986
31.07769423558897  16.542662412229827
31.328320802005013  16.391695799732982
31.57894736842105  16.269464977335815
31.829573934837093  16.172074710065775
32.08020050125313  16.110434316259983
32.330827067669176  16.109985770333484
32.581453634085214  16.13941680237499
32.83208020050125  16.149262917659932
33.08270676691729  16.120871335119634
33.333333333333336  16.084937277223865
33.583959899749374  16.042616241567295
33.83458646616541  15.960034567154159
34.08521303258146  15.84275746119505
34.335839598997495  15.681966464901747
34.58646616541353  15.46629558722807
34.83709273182957  15.241579984322629
35.08771929824562  15.072044628240963
35.338345864661655  14.960570055276664
35.58897243107769  14.850506367202232
35.83959899749373  14.739379220425235
36.090225563909776  14.663764338556796
36.340852130325814  14.600292735631498
36.59147869674185  14.517508066718507
36.8421052631579  14.412310808248325
37.092731829573935  14.34459921063976
37.34335839598997  14.386743737038149
37.59398496240601  14.508385592898735
37.84461152882206  14.648429471230784
38.095238095238095  14.73812688364323
38.34586466165413  14.715315586688792
38.59649122807018  14.61347913202423
38.847117794486216  14.556647539825113
39.097744360902254  14.622601838878126
39.34837092731829  14.772532186015784
39.59899749373434  14.974647958084573
39.849624060150376  15.21482249804314
40.100250626566414  15.465676325220246
40.35087719298246  15.743679775371874
40.6015037593985  16.042330370229468
40.852130325814535  16.284349367847224
41.10275689223057  16.396050282374784
41.35338345864662  16.359954380210574
41.60401002506266  16.225651517896946
41.854636591478695  16.059093100360975
42.10526315789474  15.915456835817405
42.35588972431078  15.823618515541087
42.606516290726816  15.760752307302548
42.857142857142854  15.679060225840857
43.1077694235589  15.527283548890223
43.35839598997494  15.319536483245496
43.609022556390975  15.105937693748885
43.85964912280702  14.93133665923206
44.11027568922306  14.882494177937335
44.3609022556391  14.98694544649165
44.611528822055135  15.16381813801534
44.86215538847118  15.321856686258375
45.11278195488722  15.395933700484596
45.363408521303256  15.347346012997875
45.6140350877193  15.20909672428581
45.86466165413534  15.077724692606226
46.11528822055138  14.992521112073588
46.365914786967416  14.925773674771698
46.61654135338346  14.927382015483797
46.8671679197995  15.049591060698083
47.11779448621554  15.240814648899878
47.36842105263158  15.433236751349847
47.61904761904762  15.5643347581287
47.86967418546366  15.62615107989118
48.1203007518797  15.665415895586856
48.37092731829574  15.70936964936951
48.62155388471178  15.737899011369933
48.87218045112782  15.72532186278471
49.12280701754386  15.70983230710295
49.3734335839599  15.716906047384928
49.62406015037594  15.7285870936687
49.87468671679198  15.714444768691006
50.12531328320802  15.645857325103508
50.37593984962406  15.543377714874145
50.6265664160401  15.469749566737327
50.87719298245614  15.491400209282343
51.12781954887218  15.615229567264928
51.37844611528822  15.790459119089814
51.62907268170426  16.0042085792352
51.8796992481203  16.236092937600453
52.13032581453634  16.416124464614622
52.38095238095238  16.51888450947809
52.63157894736842  16.569924307846545
52.88220551378446  16.61050556726789
53.1328320802005  16.63416599546597
53.38345864661654  16.625927544820712
53.634085213032584  16.624186626803017
53.88471177944862  16.622741412736026
54.13533834586466  16.597216100056645
54.3859649122807  16.552625121925484
54.636591478696744  16.49475238443489
54.88721804511278  16.413074411472035
55.13784461152882  16.29334106152535
55.388471177944865  16.153688851497698
55.6390977443609  16.016691027909744
55.88972431077694  15.899435747708067
56.14035087719298  15.80531642032248
56.390977443609025  15.713648163793817
56.64160401002506  15.619895516783163
56.8922305764411  15.535984492395315
57.142857142857146  15.47193130419046
57.393483709273184  15.419234022565808
57.64411027568922  15.373538813279293
57.89473684210526  15.40608036369585
58.145363408521305  15.561559335006372
58.39598997493734  15.765940316911824
58.64661654135338  15.910589012052784
58.89724310776943  15.941069101593877
59.147869674185465  15.895419836623038
59.3984962406015  15.839595582193573
59.64912280701754  15.850687291048038
59.899749373433586  15.968833752776915
60.150375939849624  16.15496370957034
60.40100250626566  16.405960017708992
60.65162907268171  16.715965408433647
60.902255639097746  17.00913175809355
61.152882205513784  17.23345433798606
61.40350877192982  17.36462166769712
61.65413533834587  17.379605429631617
61.904761904761905  17.30357604033796
62.15538847117794  17.18754978468741
62.40601503759399  17.064198647561394
62.65664160401003  16.9495053503347
62.907268170426065  16.879231807111676
63.1578947368421  16.8727817570052
63.40852130325815  16.902651017559258
63.659147869674186  16.955400953141513
63.909774436090224  17.025460172559573
64.16040100250626  17.118850870599505
64.41102756892231  17.2291867196166
64.66165413533835  17.33167340411182
64.91228070175438  17.400917009098695
65.16290726817043  17.403203684022795
65.41353383458646  17.340562758912117
65.6641604010025  17.208329905462474
65.91478696741855  16.994732140144997
66.16541353383458  16.734275060710534
66.41604010025063  16.50317983056849
66.66666666666667  16.373065362852195
66.9172932330827  16.301021083145418
67.16791979949875  16.201718702222234
67.41854636591479  16.082882612693847
67.66917293233082  15.938864310347777
67.91979949874687  15.755076583123332
68.17042606516291  15.57887144522904
68.42105263157895  15.411635966356183
68.67167919799499  15.214729254456545
68.92230576441102  14.989061948960519
69.17293233082707  14.80095262185291
69.42355889724311  14.716616421965258
69.67418546365914  14.76046538210756
69.92481203007519  14.934018446659403
70.17543859649123  15.168937163651801
70.42606516290726  15.377313320807236
70.67669172932331  15.515885177180417
70.92731829573935  15.595965816762808
71.17794486215539  15.64389261584996
71.42857142857143  15.660956743664855
71.67919799498746  15.664531146470312
71.9298245614035  15.66543198460656
72.18045112781955  15.677104205387717
72.43107769423558  15.739017912320838
72.68170426065163  15.854700819554555
72.93233082706767  16.0005691549467
73.1829573934837  16.137877740582105
73.43358395989975  16.228329230790422
73.6842105263158  16.275723858602365
73.93483709273183  16.27632425586421
74.18546365914787  16.23090072923187
74.43609022556392  16.159251978770616
74.68671679197995  16.1129128674711
74.93734335839599  16.176278002285912
75.18796992481202  16.335938807742785
75.43859649122807  16.496423226589304
75.68922305764411  16.587956294709993
75.93984962406014  16.61527956613174
76.19047619047619  16.62371788039161
76.44110275689223  16.60977067760081
76.69172932330827  16.54779033983752
76.94235588972431  16.43973489966605
77.19298245614036  16.331065993847776
77.44360902255639  16.2889842649177
77.69423558897243  16.31882750045697
77.94486215538848  16.39311240877174
78.19548872180451  16.50975601025664
78.44611528822055  16.627033120997304
78.69674185463658  16.68694630391121
78.94736842105263  16.684846893450512
79.19799498746868  16.66712425568897
79.4486215538847  16.67050408567485
79.69924812030075  16.690294766354985
79.9498746867168  16.700353884485036
80.20050125313283  16.649553066979568
80.45112781954887  16.55234823707433
80.70175438596492  16.450126378700375
80.95238095238095  16.32938023623109
81.203007518797  16.190608088507915
81.45363408521304  16.040693155467828
81.70426065162907  15.902859037721898
81.95488721804512  15.815933338997485
82.20551378446115  15.764393401269803
82.45614035087719  15.686646651465978
82.70676691729324  15.582482486816726
82.95739348370927  15.553472724272977
83.20802005012531  15.641353418736669
83.45864661654136  15.76863996714596
83.70927318295739  15.899001131378807
83.95989974937343  16.03587836724725
84.21052631578948  16.199235602668207
84.46115288220551  16.451080141304338
84.71177944862156  16.766954708335152
84.9624060150376  17.043849742255485
85.21303258145363  17.221968774754476
85.46365914786968  17.33042372989229
85.71428571428571  17.40189611249443
85.96491228070175  17.422089502442926
86.2155388471178  17.415340874981986
86.46616541353383  17.438661256894484
86.71679197994987  17.549549582285316
86.96741854636592  17.739319741409
87.21804511278195  17.9336030899969
87.468671679198  18.095807370862552
87.71929824561404  18.21943680435072
87.96992481203007  18.305044766153067
88.22055137844612  18.34031141383473
88.47117794486215  18.296424456948376
88.7218045112782  18.16871125156382
88.97243107769424  17.974281585663096
89.22305764411027  17.76302478440742
89.47368421052632  17.564046092832672
89.72431077694236  17.357359531820666
89.97493734335839  17.156201043924096
90.22556390977444  16.962071015361143
90.47619047619048  16.775943876937863
90.72681704260651  16.61813676222418
90.97744360902256  16.460099558531176
91.2280701754386  16.274052711110908
91.47869674185463  16.062294636780543
91.72932330827068  15.854232038896356
91.97994987468671  15.670694918651485
92.23057644110276  15.49931565723106
92.4812030075188  15.314034804844603
92.73182957393483  15.077466538966709
92.98245614035088  14.808702962658643
93.23308270676692  14.572382316519993
93.48370927318295  14.365311746468196
93.734335839599  14.14860611041125
93.98496240601504  13.92460231392729
94.23558897243107  13.707076928493395
94.48621553884712  13.513565884962249
94.73684210526316  13.38820820784282
94.9874686716792  13.368084921869198
95.23809523809524  13.429386448400967
95.48872180451127  13.559309538824301
95.73934837092732  13.752261188085635
95.98997493734336  13.929002240869654
96.2406015037594  14.030186186849626
96.49122807017544  14.076622509603423
96.74185463659148  14.156638308845878
96.99248120300751  14.313974961684565
97.24310776942356  14.507774435001036
97.4937343358396  14.724325664617897
97.74436090225564  14.938712051706267
97.99498746867168  15.129827947227591
98.24561403508773  15.331934712666445
98.49624060150376  15.52953185907981
98.7468671679198  15.66744581607377
98.99749373433583  15.750194811799917
99.24812030075188  15.813438674539139
99.49874686716792  15.880132525068863
99.74937343358395  15.949824126295656
100.0  16.013190125654113
